254522	СЕВАСТОПОЛЬ	583	36	254522
474008	СИМФЕРОПОЛЬ-ГРУЗ.	607	64	474008
254522	ОСТРЯКОВО	605	72	254522
474608	ЕВПАТОРИЯ-ТОВ.	574	76	474608
470007	ДЖАНКОЙ	622	113	470007
167073	ФЕОДОСИЯ	675	69	167073
479904	ВЛАДИСЛАВОВКА	675	78	479904
471103	КЕРЧЬ	725	97	471103
419104	ВАДИМ	578	148	419104
254522	НОВОАЛЕКСЕЕВКА	632	153	254522
475509	ГЕНИЧЕСК	639	149	475509
476003	МЕЛИТОПОЛЬ-ПАСС.	664	199	476003
167073	ФЕДОРОВКА	662	217	167073
254522	НОВОВЕСЕЛАЯ	635	208	254522
462405	КАМЫШ-ЗАРЯ	727	238	462405
477608	ВЕРХНИЙ ТОКМАК 1	709	226	477608
478102	БЕРДЯНСК	736	199	478102
254522	ПОЛОГИ	705	247	254522
464504	ЗАПОРОЖЬЕ-ГРУЗ.	659	273	464504
254522	НИКОПОЛЬ	612	250	254522
167073	ЧАПЛИНО	703	292	167073
254522	СИНЕЛЬНИКОВО-1	665	304	254522
466603	АПОСТОЛОВО	580	252	466603
416708	ВЫСОКОПОЛЬЕ	573	240	416708
254522	ПАВЛОГРАД-1	679	324	254522
442806	ЛОЗОВАЯ-ПАСС.	700	349	442806
482004	КРАСНОАРМЕЙСК-ПАСС.	746	309	482004
452009	НОВОМОСКОВСК-ДН.	649	327	452009
441606	КРАСНОГРАД	657	381	441606
456033	ДНЕПРОДЗЕРЖИНСК-ПАСС.	618	316	456033
456404	ВЕРХОВЦЕВО	604	316	456404
456809	ПЯТИХАТКИ-ПАСС.	578	308	456809
254522	САВРО	574	297	254522
254522	ПРИВОРОТ	577	283	254522
467108	КРИВОЙ РОГ-СОРТ.	569	272	467108
414100	ДОЛИНСКАЯ	533	284	414100
254522	МОИСЕЕВКА	556	268	254522
451100	ДНЕПРОПЕТРОВСК-ГЛАВ.	639	315	451100
254522	НИЖНЕДНЕПРОВСК	642	317	254522

